9781608888986
9781608888993
9781608889006
9781608889013
9781608889020
9781608889037
9781608889044
9781608889051
9781608889068
9781608889075
9781608889082
9781608889099
9781608889105
9781608889112
9781608889129
9781608889136
9781608889143
9781608889150
9781608889167
9781608889174
9781608889181
9781608889198
9781608889204
9781608889211
9781608889228
9781608889235
9781608889242
9781608889259
9781608889266
9781608889273
9781608889280
9781608889297
9781608889303
9781608889310
9781608889327
9781608889334
9781608889341
9781608889358
9781608889365
9781608889372
9781608889389
9781608889396
9781608889402
9781608889419
9781608889426
9781608889433
9781608889440
9781608889457
9781608889464
9781608889471
9781608889488
9781608889495
9781608889501
9781608889518
9781608889525
9781608889532
9781608889549
9781608889556
9781608889563
9781608889570
9781608889587
9781608889594
9781608889600
9781608889617
9781608889624
9781608889631
9781608889648
9781608889655
9781608889662
9781608889679
9781608889686
9781608889693
9781608889709
9781608889716
9781608889723
9781608889730
9781608889747
9781608889754
9781608889761
9781608889778
9781608889785
9781608889792
9781608889808
9781608889815
9781608889822
9781608889839
9781608889846
9781608889853
9781608889860
9781608889877
