# 999 prefix reserved for demo SKUs
99900001
99900002
99900003
99900004
99900005
99900006
99900007
99900008
99900009
99900010
99900011
99900012
99900013
99900014
99900015
99900016
99900017
99900018
99900019
99900020
99900021
99900022
99900023
99900024
99900025
99900026
99900027
99900028
99900029
99900030
99900031
99900032
99900033
99900034
99900035
99900036
99900037
99900038
99900039
99900040
99900041
99900042
99900043
99900044
99900045
99900046
99900047
99900048
99900049
99900050
99900051
99900052
99900053
99900054
99900055
99900056
99900057
99900058
99900059
99900060
99900061
99900062
99900063
99900064
99900065
99900066
99900067
99900068
99900069
99900070
99900071
99900072
99900073
99900074
99900075
99900076
99900077
99900078
99900079
99900080
99900081
99900082
99900083
99900084
99900085
